
12.64403645682463839250 
12.64403645823534638737 
12.64403645812652321467 
12.64403645852596191901 
12.64403645895795946785 
12.64403645863118796910 
12.64403645746053328480 
12.64403645811595566784 
12.64403645601518100250 
12.64403645662986974685 
12.64403645832116218628 
12.64403645697623623789 
12.64403645885369975588 
12.64403645678597420954 
12.64403646046092433153 
12.64403645668321196638 
12.64403645714634905062 
12.64403645828745936797 
12.64403645742355486448 
12.64403645674137877108 
