
17.26495935987686536350 
17.26495882657016522899 
17.26495942710305442347 
17.26495839951597943696 
17.26495848316351100493 
17.26495873672414660405 
17.26495837755043538664 
17.26495878722365873159 
17.26495917822409964515 
17.26495696191607009951 
17.26495780294204607230 
17.26495833642740151959 
17.26495873232673261555 
17.26495909902239489497 
17.26495907364512660820 
17.26495895483429521278 
17.26495841558565658147 
17.26495995673047190166 
17.26495973813671724884 
17.26495915570174943809 
