
12.64403646338912423630 
12.64403646501365052757 
12.64403645456371805267 
12.64403645467205450359 
12.64403645438756917940 
12.64403646083705368142 
12.64403645745040272175 
12.64403646237919609518 
12.64403646385344082148 
12.64403645854931035331 
12.64403645679760934684 
12.64403646042860529519 
12.64403646434408301502 
12.64403646375775203126 
12.64403644955149985663 
12.64403646412373483088 
12.64403646249585300154 
12.64403645472904713642 
12.64403646163073524633 
12.64403646338504216828 
