
17.26495685154765524771 
17.26495545490956473600 
17.26496200319864726680 
17.26496055799891848892 
17.26496054775085653432 
17.26495848396177734685 
17.26496054012657666021 
17.26495700442795921958 
17.26495826373670894327 
17.26496230587706293136 
17.26496001316073858334 
17.26495840396075465151 
17.26495536896454652265 
17.26495667567492020567 
17.26496043368204169610 
17.26495719216034885335 
17.26495853833791116472 
17.26496147232787592429 
17.26495790294359977679 
17.26495689275414235908 
