
12.64403801379827463336 
12.64403800846771730448 
12.64403805951594073065 
12.64403809546228529825 
12.64403808473932322443 
12.64403806429912968667 
12.64403808928752503959 
12.64403802718808833561 
12.64403804209717208096 
12.64403807909953414423 
12.64403809098423536739 
12.64403809278429591245 
12.64403801428017537489 
12.64403801036115204681 
12.64403810750834189491 
12.64403806078668601742 
12.64403806130001939323 
12.64403805760215782072 
12.64403801944468952456 
12.64403801130492865923 
