
17.26492602793804209682 
17.26492978511243947537 
17.26488831355829489667 
17.26491410652401015113 
17.26491138101669875482 
17.26493434240730451279 
17.26491442822396038537 
17.26493551829000594466 
17.26493667269442866541 
17.26492708527807806718 
17.26493722798282703934 
17.26494541078023914338 
17.26493197881181629327 
17.26492671657162247811 
17.26492267997209140162 
17.26494177005492858257 
17.26493273990483956482 
17.26488649621370186082 
17.26493101142386876745 
17.26492723998403278074 
