
0.15863704884515783533 0.00947839643593084702 0.15216943346329614428 0.08505109051809256471 
0.03788812450976308810 0.01204990861218746545 0.00126559236437628897 0.00020147569042805458 
0.03788812450975598267 
0.03788812450975598267 
0.03788812450975598267 
0.08651439608338762355 
0.08718334417742568121 
0.08718334417500628319 
0.08718334417500628319 
0.08718334417500628319 
0.12278862040064808525 0.01550155338608050215 
0.12278862040064808525 0.01550155338608050215 0.00788727116847454113 0.00174864141883546154 