
0.13819223119918611076 0.02060760409549011740 0.00179817791315528552 0.00112136997183220899 
0.00302110213176831621 0.00000224374718982290 0.00001086671331407274 0.00000147804485095548 
0.00302110213176476350 
0.00302110213176476350 
0.00302110213176476350 
0.06758379748279708110 
0.06736545107491487272 
0.06736545107093760976 
0.06736545107093760976 
96.42452928520366128851 
0.00517521255202169073 0.00626635498974970062 
0.00517521255202169073 0.00626635498974970062 0.00244817382323603283 0.00010324328730426657 